procs -----------memory---------- ---swap-- -----io---- -system-- ----cpu----
 r  b   swpd   free   buff  cache   si   so    bi    bo   in   cs us sy id wa
 2  0  76572  25348   1360  27764    8   12    66    19  154  182  3  2 94  0
 0  0  76572  25216   1360  27820    0    0    32     0  137  160  0  0 99  0
 0  0  76572  25216   1360  27820    0    0     0     0  125  148  0  0 100  0
 0  0  76572  25216   1360  27820    0    0     0    40   97  149  0  0 100  0
 0  0  76572  25216   1360  27820    0    0     0     0   99  153  0  0 100  0
 0  0  76572  25216   1360  27820    0    0     0     0   99  159  0  0 100  0
 0  0  76572  25216   1360  27820    0    0     0     0  100  158  0  0 100  0
 2  0  76572  25216   1360  27820    0    0     0     0  677  842  3  9 88  0
 0  0  76572  25216   1360  27868    0    0     0     4 1773 2281 13 30 57  0
 1  0  76572  25124   1360  27940    0    0     0     0 2380 3364 13 37 49  0
 0  0  76572  24748   1360  28012    0    0     0     0 2178 2984 10 26 64  0
 1  0  76572  22392   1360  28048    0    0     0     0  663  454 13 13 75  0
 1  0  76572  20680   1368  28320    0    0     0    36 1888 2188 50 34 17  0
 1  0  76572  22272   1368  28300    0    0     0     0  858  320 44 10 46  0
 2  0  76572  21264   1368  28452    0    0     0     0 1511 2060 57 21 23  0
 1  0  76572  22040   1368  28500    0    0     4     0  858  240 45  7 49  0
 2  0  76572  21996   1368  28544    0    0     0     0 1720 2277 43 17 41  0
 2  0  76500  21524   1388  28752  260    0   468    28 1838 1374 63 22 16  0
 1  0  76500  19800   1388  28904    0    0     0    16 1945 1990 38 43 19  0
 1  0  76496  21136   1388  28936    0    0     0     0 1202  716 42 18 41  0
 0  0  76496  21164   1388  28976    0    0     0     0 1265  652 40 15 46  0
 1  0  76496  19600   1388  29060    0    0     0     0 1828 2788 29 26 45  0
 1  0  76496  20640   1396  29132    0    0     0    16  991  376 44 11 46  0
 1  0  76404  20868   1396  29176   72    0    72     0 1836 2443 47 25 29  0
 1  0  76404  19196   1396  29320    0    0     0     0 1766 2479 34 25 41  0
 2  0  76400  20244   1396  29396    4    0     4     0 1795 1959 41 23 35  0
 1  0  76392  20460   1396  29416    0    0     0     0 1631 1563 44 21 35  0
 2  0  76392  19984   1404  29480    0    0     0    12 1972 3007 31 24 46  0
 1  0  76392  19196   1404  29580    0    0     0     0 1503 2053 29 24 46  0
 1  0  76392  20076   1404  29620    0    0     0     0 1040  311 41 13 46  0
 1  0  76392  20236   1404  29632    0    0     0     0 1094  275 44  9 46  0
 0  0  76392  19624   1404  29712    0    0     0     0 2339 3393 14 24 62  0
 1  0  76392  19480   1412  29776    0    0     0    12 1164 1132 40 15 45  0
 1  0  76392  19880   1412  29792    0    0     0     0 1083  274 43 11 46  0
 4  0  76392  19916   1412  29812    0    0     0     0 1980 3641 48 24 28  0
 0  0  76392  19268   1412  29936    0    0     0     0 2461 4042 13 24 63  0
 2  0  76392  19492   1412  29988    0    0     0     0 1286 1173 38 13 50  0
 1  0  76384  19464   1420  30088    0    0    80    12 1325  377 46 12 42  0
 4  0  76336  18976   1420  30228  204    0   336   232 1607 1527 47 18 35  0
 1  0  75692  18184   1420  30380  488    0   488     0 1979 2088 67 21 12  0
 1  0  75676  18172   1420  30532    0    0    44     0 1447 1220 49 21 30  0
 4  0  75672  16980   1420  30584    0    0     0     0 1633 2374 48 29 24  0
 2  0  75672  17496   1428  30676    0    0     0    40 1031  612 45 11 45  0
 0  0  75672  17656   1428  30768    0    0     0  1980 2053 2633 22 21 57  0
 1  0  75672  16472   1428  30964    0    0     0     0 2206 2913 20 34 47  0
 2  0  75416  16796   1428  31012  316    0   316     0 1392  670 45 16 39  0
 2  0  75412  16160   1428  31120    0    0     0     0 1802 2843 40 27 33  0
 1  0  75412  16124   1436  31180    0    0     0    24 1130  841 45 15 41  0
 3  0  75396  15224   1440  31248    8    0     8     8 1784 2226 49 31 19  0
 1  0  75396  15556   1440  31416    0    0     0     0 1295  947 42 19 39  0
 1  0  75396  15000   1440  31532    0    0     0     0 1075 1688 47 14 39  0
 1  0  75396  15528   1440  31580    0    0     0     0 1246  770 38 20 42  0
 1  0  75396  15312   1440  31580    0    0     0     0  967  639 44 13 43  0
 1  0  75396  14692   1448  31676    0    0     0    48 1824 1599 29 28 43  0
 1  0  75396  14480   1448  31748    0    0     0     0  966  831 43 13 43  0
 0  0  75388  14128   1448  31932  144    0   144     0 2124 3631 28 26 46  0
 2  0  75388  13912   1448  31952    0    0     0     0 1929 2544 11 20 69  0
 2  0  75388  13800   1448  31976    0    0     0     0 1165  373 42 13 44  0
 4  0  75388  13324   1456  31996    0    0     0    44 1578 1767 55 26 18  0
 2  0  75388  13460   1456  32184    0    0     0     0 1373 3301 53 17 30  0
 0  0  75388  13312   1456  32236    0    0     0     0 2079 2943 31 24 46  0
 1  0  75388  12992   1456  32320    0    0     0     0 1765 1869 24 15 61  0
 1  0  75388  13296   1456  32336    0    0     0     0 1181  415 42 13 45  0
 1  0  75388  13104   1464  32352    0    0     0    12 1063  281 41 13 46  0
 1  0  75388  12300   1464  32460    0    0     0     0 1652 2232 29 28 44  0
 1  0  75388  13252   1464  32560    0    0     0     0 1154  615 40 20 40  0
 2  0  75388  12808   1464  32604    0    0     0     0 1685  821 38 25 37  0
 1  0  75388  11716   1464  32736    0    0     0     0 2021 2871 17 28 56  0
 1  0  75388  12588   1472  32788    0    0     0    32 1007  310 43 10 47  0
 1  0  75388  12588   1472  32832    0    0     0     0 1425  487 42 15 43  0
 2  0  75388  11824   1472  32944    0    0     0     0 2322 3650 21 23 56  0
 1  0  75388  12144   1472  33000    0    0     0     0 1050  657 41 13 47  0
 1  0  75388  12336   1472  33024    0    0     0     0 1643 1705 41 17 42  0
 1  0  75388  12152   1480  33124    0    0     0  1972 1390 1827 39 15 47  0
 1  0  75388  11448   1480  33196    0    0     0     0 1751 2561 30 21 48  0
 2  0  75388  12368   1480  33220    0    0     0     0 1064  464 44 11 45  0
 2  0  75388  12068   1480  33364    0    0     0     0 1720 2115 39 26 36  0
 1  0  75388  12096   1480  33464    0    0     0     0 1303 1905 48 19 33  0
 3  0  75388  12224   1488  33484    0    0     0   100 1416  875 39 16 45  0
 5  0  75388  11176   1488  33560    0    0     0     0 2555 4118 12 16 73  0
 1  0  75388  10864   1488  33616    0    0     0     0 1401 1211 28 18 54  0
 1  0  75388  11216   1488  33636    0    0     0     0  927  231 43  8 49  0
 3  0  75380  11220   1488  33652    0    0     0     0 1791 2172 48 23 30  0
 2  0  75380  11252   1488  33688    0    0     0     0 1574 2213 54 23 22  0
 0  0  75376  11592   1496  33844    0    0     0    32 2558 3465 28 32 41  0
 0  0  75376  11844   1496  33888    0    0     0     0  872  748  2  7 91  0
 1  0  75376  11076   1496  33892    0    0     0     0 1268 1046 43 12 45  0
 1  0  75376  11044   1496  33896    0    0     0     0 1475 1310 52 22 26  0
 2  0  75376   9112   1496  34088    0    0     0     0 1842 2494 46 28 25  0
 0  0  75376  10076   1504  34140    0    0     0    16 2210 2459  5 18 76  0
 1  0  75376   9696   1504  34152    0    0     0     0  690  306 21  7 72  0
 1  0  75372   9760   1504  34160    0    0     0     0 2185 4826 41 18 41  0
 1  0  75372  11472   1504  32476    0    0     0     0 1501 3812 50 26 25  0
 2  0  75372  11920   1504  32432    0    0     0     0 1638 2255 42 23 34  0
 0  0  75372  11088   1512  32488    0    0     0    36 2189 3209 22 22 56  0
 1  0  75372  10536   1512  32556    0    0     0     0 1843 2096 19 12 69  0
 1  0  75372  10888   1512  32572    0    0     0     0  952  284 43  9 48  0
 2  0  75372  10952   1512  32580    0    0     0     0 1164  733 46 15 39  0
 5  0  75372  10984   1512  32620    0    0     0     0 2860 7824 38 28 34  0
 2  0  75372  11448   1520  32784    0    0     0    12 2055 3041 27 22 52  0
 0  0  75372  11500   1520  32828    0    0     0     0 1819 2596  7 21 72  0
 1  0  75372  10756   1520  32852    0    0     0     0  806  640 25 10 66  0
^C 1  0  75372  10628   1520  32872    0    0     0     0 1283  579 41 18 42  0
 0  0  75372  10448   1520  33024    0    0     0    12 2161 1828 31 42 28  0
 0  0  75372  10644   1528  33100    0    0     0    16 2293 3180  6 16 79  0
 1  0  75372  10692   1528  33132    0    0     0     0 1235  974  7 10 84  0
 2  0  75364  10276   1528  33140    0    0     0     0 2168 5029 39 18 43  0
 3  0  75364  10148   1528  33148    0    0     0     0 1436 1478 58 20 21  0
 2  0  75364  10320   1528  33308    0    0     0     4 1112 3186 42 20 38  0
 1  0  75364  10224   1536  33384    0    0     0    16 1545 1931 20 16 64  0
 2  0  75364   9172   1536  33520    0    0     0     0 2165 1898 35 41 24  0
 2  0  75364   9532   1536  33624    0    0     0     0 1315 1672 49 20 31  0
 1  0  75364   8744   1536  33780    0    0     0     0 1727 2619 49 29 21  0
 1  0  75364   8672   1536  33836    0    0     0    16 1774 1791 15 17 68  0
 1  0  75364   8696   1544  33860    0    0     0    44 1225  795 43 15 42  0
 5  0  75364   7644   1544  34020    0    0     0     0 2325 4594 51 33 16  0
 1  0  75808   8776   1468  33624    0  444     0   444 1625 1483 35 19 31 15
 4  0  75808   8744   1468  33704    0    0     0     0 1193  665 45 12 43  0
 1  0  75808   8184   1468  33824    4    0     4    52 1518 2533 50 23 28  0
 3  0  75808  10168   1476  31944    0    0     0    12  987 5916 69 15 17  0
 7  0  75808  10000   1476  32044    0    0     0     0 1737 4650 67 25  7  0
 2  0  75808   9504   1476  33540    0    0     0     0 2105 8977 52 32 17  0
 1  0  75808   9460   1476  33592    0    0     0     0 1391 1327 43 20 37  0
 0  0  75808   8792   1476  33712    0    0     0     0 2171 3297 12 26 62  0
 1  0  75808   8504   1484  33764    0    0     0    40 1963 2521  5 19 76  0
 1  0  75808   8432   1484  33780    0    0     0     0  781  229 39 10 51  0
 1  0  75808   8572   1484  33792    0    0     0     0 1436  531 39 19 43  0
 2  0  75808   8608   1484  33916    0    0     0     0 1753 1208 34 33 34  0
MEDIA
NR:  130 CPU:  53.4375

