si2@si2srv02:~$ vmstat -n 1 | (trap "" INT; awk '{print; if(NR>2) cpu+=$13+$14;}END{print"MEDIA";print "NR: ",NR,"CPU: ",cpu/(NR-2);}';)
procs -----------memory---------- ---swap-- -----io---- -system-- ----cpu----
 r  b   swpd   free   buff  cache   si   so    bi    bo   in   cs us sy id wa
 1  0  10680   9728  12620 122564    0    0    10     3   59   87  1  1 98  0
 0  0  10680   9712  12620 122564    0    0     0     0   90  139  0  0 100  0
 0  0  10680   9712  12628 122560    0    0     0    32   61  138  0  0 100  0
 0  0  10680   9712  12628 122564    0    0     0     0   65  136  0  0 100  0
 0  0  10680   9712  12628 122564    0    0     0     0   71  131  0  0 100  0
 0  0  10680   9588  12628 122564    0    0     0    20  342  387  1  4 95  0
 0  0  10680   9588  12628 122572    0    0     0     0  252  334  0  4 96  0
 0  0  10680   9588  12628 122576    0    0     0     0  725  642  1  8 90  0
 1  0  10680   9588  12636 122588    0    0     0    80 1440 1111  5 20 75  0
 0  0  10680   9540  12636 122600    0    0     0     0 1237  974  2 11 87  0
 1  0  10680   9532  12636 122612    0    0     0     0 1374 1089  6 19 75  0
 0  0  10680   9516  12636 122632    0    0     0     0 1692 1331  5 24 71  0
 0  0  10680   9508  12636 122652    0    0     0     0 1623 1412  8 19 73  0
 2  0  11652   6400   9372 115592   60 1012    60  1280 8244 1056 33 44 22  1
 4  1  12684   7996   6620 101872 1472 1584  1472  1608 5757 2586 28 29 23 21
 1  0  12692   8300   6616 101608    0    8     0     8 2087 1622 12 28 57  2
 0  0  12692   8284   6616 101628    0    0     0     0 2352 1915 15 27 58  0
 1  0  12684   9376   6616 101660    0    0     0     0 2533 2135 17 21 63  0
 0  0  12680   9376   6624 101688    0    0     0    40 1954 1545 14 20 67  0
 2  0  12680   9360   6624 101704    0    0     0     0 2251 2053 15 28 57  0
 0  0  12676   9328   6624 101736    0    0     0     0 2008 1958 12 26 63  0
 3  0  12672   9304   6624 101760    0    0     0     0 2254 1676 16 25 59  0
 0  0  12672   9156   6624 101780    0    0     0     0 2540 2156 21 27 53  0
 0  0  12672   9132   6632 101800    0    0     0    12 2259 1889 16 26 58  0
 4  1  12752   7648   5240  97040    0   88     0   440 3377 1889 30 27 34  8
 1  0  12740   8180   5228  96264   16    4    20     4 2429 2046 20 25 47  8
 1  0  12740   8164   5228  96284    0    0     0     0 2226 1779 20 24 57  0
 2  0  12740   7892   5228  96308    0    0     0     0 2407 2048 14 25 61  0
 6  1  12748   7292   4896  95068    0    8     0   196 2751 1879 47 18 35  0
 0  0  12880   8160   4412  94296    0  132     0   132 2250 2218 22 22 51  5
 4  0  12880   8128   4412  94268    0    0     0     0 2116 1728 16 24 60  0
 0  0  12880   7980   4412  94292    0    0     0     0 2176 1812 19 25 57  0
 3  0  12880   8328   4412  94316    0    0     0     0 2170 2099 17 26 56  0
 0  0  12880   8304   4420  94332    0    0     0    36 2489 2113 15 28 57  0
 0  0  12872   8280   4420  94372    4    0     4     0 2264 1820 25 19 55  0
 1  0  12872   8132   4420  94392    0    0     0     0 2128 1794 14 24 62  0
 2  0  12872   7852   4420  94416    0    0     0     0 2538 2143 11 24 65  0
 3  0  12872   8076   4420  94408   32    0    32     0 2122 1729 13 27 59  0
 3  0  12872   7936   4428  94456    0    0     0    12 2513 2144 15 28 57  0
 0  0  12872   7788   4428  94492    0    0     0     0 2499 2076 13 29 58  0
 0  0  12872   7764   4428  94516    0    0     0     0 2451 1878 21 26 54  0
 0  0  12868   7616   4428  94512   32    0    32     0 2095 1867 15 31 55  0
 2  0  12868   7468   4428  94568    0    0     0     0 2189 1866 19 21 61  0
 0  0  12928   8404   4144  93112    0   60     0    72 2545 2212 13 29 46 13
 4  0  12928   8404   4144  93124    0    0     0     0 2098 1690 10 20 70  0
 2  0  12928   8248   4144  93148    0    0     0     0 2670 2147 22 28 50  0
 3  0  12920   8232   4144  93184    0    0     0     0 2116 1815 15 26 59  0
 1  0  12920   7952   4144  93200    0    0     0     0 2090 1730 16 27 57  0
 0  0  12920   7712   4152  93216    0    0     0    28 2684 2174 14 25 62  0
 1  0  12916   7532   4152  93256    0    0     0     0 2176 1687 17 22 61  0
^C 3  0  12916   7384   4152  93272    0    0     0     0 2476 2252 13 27 60  0
 0  0  12928   8476   4144  91640    0   12     0    12 2409 1809 15 31 34 21
 3  0  12928   8328   4144  91632    0    0     0     0 2130 1740 14 25 61  0
 0  0  12928   8320   4152  91644    0    0     0    12 2493 2341 14 28 57  0
 1  0  12928   8164   4152  91680    0    0     0     0 1959 1534 13 22 65  0
 0  0  12928   8140   4152  91700    0    0     0     0 2289 1980 13 30 57  0
 1  0  12928   8116   4152  91724    0    0     0     0 1649 1527  6 27 67  0
 1  0  12928   8092   4152  91744    0    0     0     0 1793 1323  8 21 71  0
MEDIA
NR:  60 CPU:  35.6724


